P(a) = 0.0818475
P(b) = 0.0177298
P(c) = 0.0236438
P(d) = 0.0401483
P(e) = 0.122999
P(f) = 0.0218853
P(g) = 0.0218717
P(h) = 0.0660699
P(i) = 0.0687359
P(j) = 0.00113815
P(k) = 0.00846705
P(l) = 0.044953
P(m) = 0.0244526
P(n) = 0.0689282
P(o) = 0.0728242
P(p) = 0.0181269
P(q) = 0.00163606
P(r) = 0.0547651
P(s) = 0.0674722
P(t) = 0.0924359
P(u) = 0.0280451
P(v) = 0.00903324
P(w) = 0.0233444
P(x) = 0.00108353
P(y) = 0.0177246
P(z) = 0.000665452
