P(a) = 0.088504
P(b) = 0.0137022
P(c) = 0.0212858
P(d) = 0.0428301
P(e) = 0.124354
P(f) = 0.0187004
P(g) = 0.0226646
P(h) = 0.0593761
P(i) = 0.0766115
P(j) = 0.0011203
P(k) = 0.00749741
P(l) = 0.0362806
P(m) = 0.0300758
P(n) = 0.0693726
P(o) = 0.0714409
P(p) = 0.017494
P(q) = 0.000947949
P(r) = 0.0597208
P(s) = 0.0609273
P(t) = 0.0903999
P(u) = 0.0247329
P(v) = 0.0112892
P(w) = 0.0278352
P(x) = 0.0030162
P(y) = 0.0236987
P(z) = 0.00060324
